set n_col_ini = 1..1824;


param col_ini (tr): 
	1 	2 	3 	4 	5 :=
1	79	97	66	59	15
2	17	25	65	48	72
3	66	89	2	40	98
4	3	20	89	96	100
5	62	3	10	25	12
6	37	42	86	56	89
7	61	4	16	68	43
8	10	38	17	18	35
9	93	21	43	14	82
10	55	14	16	53	54
11	62	3	19	11	83
12	12	6	32	47	73
13	10	25	66	48	44
14	1	101	2	3	8
15	20	72	63	42	49
16	18	5	29	81	72
17	63	29	62	60	54
18	10	25	67	48	56
19	15	81	29	86	25
20	57	23	91	95	44
21	67	3	38	77	51
22	67	68	20	64	37
23	87	23	91	95	7
24	13	88	28	68	63
25	82	2	83	87	47
26	5	2	32	54	87
27	5	8	23	92	49
28	78	95	74	20	81
29	30	25	88	48	71
30	1	17	27	55	72
31	15	2	29	80	89
32	8	94	19	36	31
33	82	26	83	87	86
34	67	3	39	45	60
35	48	36	76	16	73
36	10	25	98	38	63
37	62	33	43	79	49
38	1	11	40	21	60
39	10	9	70	48	39
40	34	31	42	58	27
41	37	30	34	92	27
42	11	76	80	74	9
43	1	68	40	22	62
44	100	89	66	70	45
45	46	89	42	100	71
46	69	100	101	102	103
47	41	78	20	77	54
48	10	29	57	48	38
49	59	35	17	12	61
50	99	89	50	51	73
51	94	92	75	58	22
52	78	99	6	74	41
53	13	21	32	39	101
54	15	69	29	10	93
55	84	5	93	71	88
56	13	61	35	63	18
57	34	13	58	57	18
58	52	84	90	31	66
59	35	2	60	68	19
60	20	2	40	17	60
61	20	75	41	4	55
62	80	90	46	76	32
63	78	28	34	75	4
64	58	95	21	6	22
65	38	53	8	39	72
66	12	30	80	54	81
67	56	25	36	3	54
68	17	21	59	86	85
69	52	18	51	87	27
70	32	5	49	33	95
71	35	36	83	65	91
72	28	29	58	90	81
73	33	41	97	65	94
74	56	13	31	2	10
75	96	61	85	45	44
76	33	57	96	82	35
77	19	7	63	64	54
78	22	36	43	85	38
79	65	7	30	14	69
80	28	80	49	84	4
81	42	70	99	37	95
82	46	16	7	22	70
83	45	18	70	87	4
84	13	9	45	24	56
85	77	98	55	52	93
86	53	98	79	64	91
87	24	58	43	1	26
88	74	12	60	76	62
89	77	39	90	100	80
90	100	72	12	56	57
91	96	81	99	50	71
92	61	96	40	93	75
93	36	83	6	51	75
94	97	92	54	75	44
95	14	11	61	24	54
96	40	18	43	87	50
97	59	23	50	72	36
98	79	50	82	85	88
99	64	27	90	40	88
100	62	21	48	78	33
101	94	100	82	84	51
102	28	3	38	69	54
103	97	69	66	57	88
104	14	70	40	26	76
105	26	18	79	87	84
106	15	5	29	53	71
107	39	26	9	19	46
108	82	24	18	87	47
109	93	15	64	22	82
110	15	24	13	87	47
111	79	26	39	9	46
112	9	89	86	19	79
113	26	28	73	38	55
114	9	74	14	84	77
115	14	89	96	26	39
116	10	14	79	61	53
117	93	30	39	22	82
118	16	14	56	22	82
119	79	3	92	41	54
120	93	14	5	22	82
121	19	89	44	26	9
122	15	79	29	86	89
123	79	89	39	19	47
124	82	94	68	87	47
125	10	29	78	48	79
126	79	89	83	26	73
127	70	3	21	91	54
128	82	21	78	87	47
129	38	25	70	48	37
130	82	71	85	87	96
131	37	78	47	55	18
132	59	11	18	24	68
133	18	11	2	24	60
134	39	89	40	70	94
135	94	4	8	99	13
136	13	9	16	44	74
137	35	48	21	38	2
138	68	69	14	2	35
139	21	37	67	46	80
140	24	33	19	39	54
141	70	14	42	24	63
142	33	36	12	28	75
143	100	91	96	49	68
144	56	10	40	22	60
145	88	91	73	69	41
146	93	89	1	41	66
147	42	65	99	79	7
148	4	58	68	22	41
149	45	14	77	57	58
150	31	80	5	75	35
151	22	6	29	10	95
152	70	2	36	76	31
153	11	4	28	33	24
154	19	92	29	38	99
155	93	29	85	22	82
156	8	53	33	62	47
157	6	3	28	24	64
158	60	11	61	21	34
159	73	40	6	36	78
160	33	54	96	23	56
161	85	90	9	96	76
162	78	15	93	28	2
163	40	20	51	100	96
164	62	50	43	65	49
165	74	92	45	85	48
166	41	56	75	58	19
167	7	72	78	39	34
168	52	15	76	22	82
169	92	93	30	8	59
170	22	1	41	53	18
171	78	63	5	36	32
172	10	24	27	48	38
173	63	50	93	49	43
174	84	58	66	94	45
175	15	77	29	81	89
176	57	55	42	68	19
177	52	25	19	28	99
178	75	100	51	83	50
179	66	69	46	85	92
180	84	70	33	4	31
181	68	3	34	44	54
182	91	51	65	45	86
183	53	23	61	46	27
184	80	39	61	46	79
185	90	100	80	56	51
186	52	46	77	79	16
187	15	95	29	90	89
188	36	7	4	69	39
189	30	95	29	90	89
190	90	1	35	47	59
191	67	22	71	45	78
192	9	57	74	86	12
193	17	64	26	71	43
194	39	31	71	81	26
195	26	13	83	72	71
196	10	26	87	86	67
197	15	65	29	70	26
198	9	41	26	95	7
199	43	41	72	12	26
200	49	81	7	13	9
201	1	88	12	83	71
202	28	26	29	18	71
203	6	18	37	90	39
204	85	76	86	26	73
205	43	39	53	44	54
206	93	23	90	22	82
207	10	25	24	30	46
208	50	3	41	62	28
209	62	24	26	72	71
210	41	7	70	86	92
211	93	34	39	22	82
212	69	89	2	41	99
213	69	25	28	48	101
214	5	8	64	21	100
215	45	8	43	95	90
216	59	3	19	34	2
217	22	27	68	87	47
218	39	22	77	32	56
219	67	13	60	42	54
220	19	94	29	8	89
221	56	46	8	2	51
222	71	40	70	68	20
223	27	84	76	88	35
224	14	36	100	69	19
225	18	12	30	36	83
226	10	23	87	48	101
227	33	36	61	90	75
228	68	91	90	96	49
229	28	42	43	45	49
230	10	14	87	43	75
231	30	20	17	80	88
232	21	11	1	24	63
233	27	76	50	75	96
234	40	68	70	24	62
235	38	40	53	4	37
236	99	89	76	49	46
237	82	74	40	33	62
238	50	89	46	100	77
239	5	85	90	77	94
240	65	1	60	72	84
241	33	55	29	63	10
242	18	74	57	4	68
243	73	89	95	47	45
244	73	37	78	41	61
245	4	24	54	35	34
246	32	26	59	13	11
247	67	3	21	87	18
248	79	47	21	50	34
249	74	37	9	80	97
250	74	89	95	45	66
251	5	14	52	18	59
252	35	11	19	24	54
253	93	87	73	38	72
254	99	89	70	38	66
255	13	74	58	99	31
256	15	44	29	93	89
257	68	51	32	24	7
258	93	14	80	29	82
259	56	11	47	24	62
260	10	9	45	48	94
261	36	23	6	87	47
262	12	100	101	102	103
263	83	16	87	35	45
264	35	26	95	7	9
265	85	21	42	9	34
266	94	79	31	39	71
267	13	71	1	49	9
268	7	53	101	102	103
269	7	33	63	84	71
270	88	26	11	9	71
271	50	76	62	64	71
272	10	25	27	46	8
273	27	9	31	71	83
274	83	27	9	26	71
275	5	32	43	9	53
276	9	68	19	27	26
277	82	27	92	87	47
278	79	14	86	22	82
279	15	46	29	9	89
280	93	21	9	22	82
281	6	11	9	5	1
282	8	4	7	15	12
283	10	14	3	13	2
284	11	35	82	76	2
285	2	7	14	10	13
286	7	1	13	10	14
287	10	19	1	42	13
288	14	9	41	10	2
289	9	7	5	10	14
290	9	24	41	48	2
291	12	5	13	15	14
292	7	62	12	5	14
293	7	6	14	15	13
294	4	6	14	15	8
295	28	16	13	103	33
296	6	8	5	10	12
297	9	4	12	6	11
298	12	19	15	51	9
299	7	3	1	8	95
300	14	5	41	79	4
301	10	33	81	86	14
302	36	94	3	17	70
303	8	40	58	73	1
304	6	19	71	17	8
305	35	7	102	93	52
306	81	44	11	103	34
307	11	33	81	86	13
308	5	12	52	6	97
309	29	71	4	88	13
310	15	20	75	95	5
311	14	97	6	10	11
312	6	14	97	1	12
313	29	71	6	88	12
314	49	97	4	10	12
315	14	29	56	4	79
316	6	30	73	14	88
317	3	98	34	39	50
318	88	30	69	9	2
319	7	91	2	100	17
320	49	52	24	29	102
321	26	44	58	99	68
322	23	7	97	1	9
323	57	25	29	39	82
324	37	4	14	8	1
325	95	26	19	101	34
326	37	43	19	31	42
327	50	96	28	102	97
328	32	34	94	84	67
329	52	101	27	43	92
330	32	92	35	83	68
331	25	53	92	6	103
332	51	101	42	91	27
333	27	51	1	100	10
334	11	36	69	84	10
335	79	1	66	65	100
336	3	98	48	91	31
337	57	25	62	39	51
338	103	33	81	86	38
339	8	13	54	100	28
340	76	35	12	86	27
341	29	98	91	55	50
342	28	16	55	103	34
343	79	103	41	42	3
344	101	56	97	24	89
345	12	55	17	72	87
346	6	81	2	4	7
347	7	71	18	86	85
348	88	81	38	68	33
349	9	85	40	73	98
350	82	40	66	90	3
351	82	36	8	90	69
352	30	102	92	54	4
353	85	6	87	3	96
354	49	27	96	42	87
355	93	46	87	53	26
356	83	21	80	66	18
357	48	40	83	100	54
358	50	45	93	80	28
359	96	49	45	22	90
360	13	38	16	63	45
361	55	89	41	48	99
362	21	82	62	46	16
363	74	79	99	43	59
364	16	60	32	69	47
365	57	89	29	39	72
366	21	23	69	78	83
367	84	19	67	27	50
368	53	98	44	79	10
369	20	90	52	25	41
370	65	22	47	60	42
371	80	97	96	61	41
372	2	23	26	41	77
373	72	49	59	78	89
374	101	19	66	17	44
375	10	103	60	52	74
376	101	35	3	80	74
377	37	77	78	64	65
378	67	77	71	39	46
379	56	48	99	23	85
380	44	46	102	23	89
381	43	76	44	23	89
382	33	19	98	58	2
383	84	19	39	17	73
384	96	74	41	99	25
385	7	4	6	21	9
386	11	41	5	1	2
387	26	14	97	13	80
388	28	7	10	102	12
389	8	41	2	10	11
390	6	3	4	9	2
391	4	6	41	11	3
392	4	8	3	41	1
393	48	28	58	39	3
394	65	61	11	54	16
395	4	13	36	9	89
396	37	10	6	38	1
397	12	9	14	42	2
398	2	5	50	92	12
399	5	41	7	8	78
400	78	41	4	8	2
401	78	41	4	1	12
402	12	8	3	10	7
403	8	4	1	42	22
404	76	7	52	42	10
405	70	94	17	84	36
406	78	41	13	12	9
407	46	89	47	83	5
408	7	8	19	12	6
409	78	41	2	1	9
410	16	67	15	38	102
411	51	12	9	69	22
412	44	18	2	38	13
413	86	27	23	38	43
414	2	89	83	1	6
415	20	1	17	52	93
416	83	6	13	1	90
417	90	82	6	14	1
418	86	6	71	32	10
419	101	84	85	95	6
420	24	71	34	44	74
421	68	43	34	6	10
422	78	41	26	99	103
423	7	10	33	86	2
424	2	82	8	94	102
425	43	18	17	10	36
426	4	34	36	79	68
427	102	13	22	42	73
428	29	82	53	72	9
429	81	19	4	14	90
430	91	13	8	1	101
431	12	41	11	14	78
432	20	7	17	50	36
433	19	49	87	12	77
434	15	51	36	31	81
435	10	4	7	38	24
436	74	31	7	14	88
437	102	94	32	8	14
438	2	99	85	53	4
439	29	32	84	7	98
440	48	28	33	101	95
441	3	39	97	33	50
442	10	22	8	40	96
443	95	41	78	25	103
444	78	41	27	96	103
445	4	11	32	101	91
446	98	9	49	57	23
447	93	70	43	35	28
448	54	51	87	78	12
449	32	72	94	92	96
450	86	37	64	42	24
451	70	45	26	50	63
452	25	27	44	8	98
453	3	30	52	71	87
454	8	41	97	75	70
455	101	58	73	42	22
456	19	56	55	84	77
457	68	40	25	49	11
458	85	86	77	67	41
459	82	3	12	90	89
460	32	93	56	5	77
461	4	41	78	31	103
462	54	87	49	40	75
463	78	33	79	63	57
464	48	40	30	65	69
465	66	45	58	35	71
466	74	69	55	39	29
467	64	103	91	90	62
468	31	86	54	67	20
469	31	86	91	67	56
470	27	44	3	63	23
471	37	96	56	100	25
472	95	24	53	100	37
473	28	27	24	38	73
474	86	81	62	60	19
475	59	23	82	14	80
476	11	59	35	100	101
477	57	87	79	1	3
478	81	60	59	84	51
479	21	100	88	83	32
480	21	100	88	15	79
481	47	88	20	60	77
482	102	19	60	80	58
483	47	73	31	26	87
484	7	78	56	31	93
485	94	99	29	95	12
486	48	96	24	43	53
487	75	61	63	39	82
488	88	78	89	23	6
489	55	97	46	103	18
490	20	89	61	59	64
491	86	5	75	38	77
492	56	68	30	29	91
493	66	75	56	88	72
494	3	67	97	17	79
495	90	4	19	38	101
496	69	41	25	60	63
497	31	86	51	67	88
498	19	69	16	88	11
499	3	52	97	69	50
500	23	100	45	25	16
501	42	9	77	38	25
502	23	75	64	60	67
503	20	88	41	53	36
504	83	60	44	88	101
505	19	55	20	88	69
506	64	41	6	20	54
507	44	57	20	40	88
508	23	55	97	64	50
509	51	79	60	3	55
510	52	69	43	60	100
511	21	64	80	92	73
512	65	43	62	88	67
513	79	62	68	69	78
514	25	24	65	51	62
515	51	100	55	91	16
516	90	60	39	88	69
517	69	47	74	45	19
518	58	41	6	55	50
519	68	15	72	20	60
520	52	18	23	79	69
521	69	19	59	38	93
522	31	86	59	67	88
523	75	15	78	85	69
524	71	4	100	38	92
525	31	86	47	67	55
526	61	20	102	47	88
527	57	47	17	39	40
528	65	100	93	67	63
529	36	98	62	21	22
530	65	95	80	39	88
531	43	76	24	66	44
532	93	86	57	52	84
533	94	19	60	75	15
534	74	54	79	15	19
535	60	41	6	30	3
536	31	41	6	90	15
537	35	13	67	74	33
538	71	89	51	98	63
539	5	93	36	57	68
540	34	23	29	31	72
541	101	53	55	84	62
542	49	58	69	60	31
543	58	89	53	84	32
544	5	63	36	55	68
545	10	5	2	48	73
546	10	2	8	48	47
547	56	3	7	13	71
548	4	3	5	31	54
549	5	9	6	1	56
550	23	25	6	48	74
551	62	8	43	1	49
552	5	66	68	7	9
553	9	89	2	1	66
554	66	89	2	1	5
555	98	31	30	5	97
556	9	89	2	3	6
557	66	89	2	3	4
558	13	96	62	4	35
559	9	89	10	7	8
560	15	7	29	99	9
561	10	25	6	20	18
562	3	10	28	57	76
563	98	89	1	68	45
564	44	89	67	8	97
565	2	89	4	1	8
566	8	20	76	45	28
567	15	14	29	84	46
568	7	4	71	6	1
569	2	14	70	7	81
570	66	15	11	23	54
571	66	44	9	90	60
572	56	23	11	49	39
573	11	89	43	1	49
574	22	72	68	87	47
575	37	6	71	2	12
576	36	25	32	48	83
577	42	38	12	74	7
578	70	20	43	68	54
579	98	89	66	6	51
580	94	96	29	1	64
581	70	89	1	50	95
582	13	41	73	38	5
583	15	55	29	73	89
584	10	41	6	48	30
585	69	3	40	90	71
586	73	72	2	11	37
587	85	17	97	74	88
588	4	52	98	78	10
589	71	96	81	85	19
590	6	80	18	45	3
591	58	85	24	1	55
592	37	16	68	41	5
593	27	91	29	76	75
594	16	67	86	81	98
595	77	40	47	4	60
596	77	54	40	9	90
597	39	35	14	72	67
598	50	44	30	78	21
599	73	64	26	91	82
600	46	42	92	64	2
601	56	18	23	87	41
602	55	89	66	10	8
603	70	65	26	45	24
604	39	89	6	97	8
605	46	80	48	100	11
606	15	80	38	78	35
607	75	12	77	49	54
608	24	78	96	58	53
609	92	89	10	75	53
610	83	15	66	75	17
611	28	33	77	56	54
612	4	91	8	9	44
613	97	89	66	8	37
614	22	8	81	58	51
615	8	7	28	13	73
616	86	19	73	99	95
617	65	72	34	38	12
618	2	51	1	99	91
619	82	84	101	102	103
620	82	13	52	87	47
621	51	98	65	7	80
622	93	15	79	22	82
623	59	14	63	68	27
624	37	7	27	33	54
625	79	91	60	99	61
626	38	36	63	83	5
627	47	63	61	53	41
628	53	63	37	19	5
629	19	63	26	92	36
630	80	53	61	84	71
631	28	75	7	51	31
632	59	78	51	77	53
633	67	65	84	59	68
634	84	96	67	59	20
635	84	63	36	75	59
636	22	64	59	39	84
637	25	53	43	40	90
638	27	23	97	80	63
639	95	96	84	9	63
640	59	38	28	27	84
641	82	59	14	72	47
642	62	65	9	30	49
643	36	14	1	59	84
644	61	91	84	67	59
645	53	27	84	11	36
646	61	14	65	59	36
647	15	14	29	31	73
648	58	53	2	84	59
649	82	24	15	87	47
650	38	50	29	9	89
651	3	20	100	89	96
652	64	68	84	67	5
653	59	3	87	75	1
654	62	8	43	61	49
655	27	58	90	15	1
656	4	15	9	96	34
657	11	32	5	2	13
658	12	17	64	16	85
659	4	7	9	6	34
660	8	32	14	2	10
661	3	20	26	25	95
662	79	15	12	11	10
663	79	12	1	11	10
664	49	17	64	11	85
665	5	6	8	62	13
666	79	13	1	8	9
667	42	48	66	77	85
668	13	17	64	49	14
669	21	52	12	38	34
670	5	23	71	62	95
671	28	67	90	42	58
672	67	78	83	93	15
673	7	23	49	62	14
674	5	4	16	44	17
675	16	20	26	33	62
676	43	20	3	68	69
677	3	18	16	2	10
678	2	17	64	38	9
679	92	27	7	58	79
680	75	11	9	37	45
681	13	8	64	29	10
682	3	46	17	2	55
683	19	58	90	2	46
684	42	32	4	2	1
685	37	74	38	69	79
686	31	88	12	1	28
687	8	16	87	53	77
688	11	14	1	91	10
689	59	19	76	79	13
690	71	88	16	61	86
691	17	26	22	49	23
692	60	81	66	39	70
693	90	25	64	10	85
694	14	20	26	58	82
695	7	20	91	57	31
696	49	52	64	86	85
697	4	69	21	14	44
698	91	17	28	73	85
699	58	10	29	63	92
700	30	87	50	11	3
701	75	1	80	72	14
702	5	32	93	2	79
703	56	21	25	29	5
704	17	76	9	65	34
705	82	32	15	2	48
706	41	32	93	2	59
707	67	54	26	98	99
708	30	47	77	12	24
709	54	4	65	62	29
710	28	65	92	59	47
711	6	24	62	81	88
712	32	90	13	92	84
713	55	10	94	28	61
714	94	55	60	27	8
715	9	45	12	72	97
716	12	97	73	45	56
717	83	71	16	13	63
718	27	10	53	58	91
719	23	8	36	86	82
720	55	78	64	96	68
721	4	25	97	18	34
722	43	53	47	97	67
723	27	52	10	94	61
724	71	3	16	83	8
725	54	5	31	94	61
726	5	6	89	62	90
727	49	58	73	71	8
728	7	84	95	42	44
729	31	88	28	36	9
730	53	20	82	35	57
731	44	55	96	36	73
732	74	37	18	96	41
733	72	95	11	46	9
734	46	89	32	63	56
735	15	14	91	50	9
736	65	46	73	27	92
737	2	3	68	62	33
738	48	73	69	93	33
739	18	24	74	76	80
740	72	76	91	94	36
741	70	89	87	33	71
742	8	23	65	62	54
743	41	72	61	70	39
744	35	17	83	49	85
745	95	89	51	30	60
746	22	51	45	26	66
747	10	50	33	80	45
748	10	32	31	2	44
749	28	81	51	16	1
750	22	60	77	35	76
751	79	80	56	63	34
752	77	75	3	94	63
753	73	25	87	43	54
754	11	54	65	35	50
755	57	6	75	23	34
756	40	43	97	81	28
757	18	20	26	55	19
758	15	12	68	51	98
759	40	17	45	38	71
760	4	97	9	40	32
761	27	31	9	59	34
762	22	58	40	60	92
763	16	37	39	67	52
764	54	88	47	75	37
765	78	63	38	30	33
766	9	89	98	99	100
767	48	17	26	91	85
768	56	92	6	96	48
769	40	6	64	63	15
770	65	58	90	89	94
771	78	24	65	60	87
772	51	42	25	31	12
773	52	20	26	54	53
774	5	23	39	62	18
775	74	48	75	22	59
776	48	68	41	83	57
777	28	31	47	72	52
778	70	59	94	31	28
779	72	88	19	74	39
780	25	32	38	2	66
781	49	4	63	47	28
782	82	20	26	72	5
783	31	58	90	41	82
784	29	20	50	18	44
785	18	95	85	12	88
786	69	20	26	27	11
787	78	13	26	8	22
788	77	9	95	18	32
789	72	59	93	88	56
790	14	23	97	62	83
791	5	7	85	62	38
792	69	77	1	88	91
793	51	34	54	46	10
794	56	95	85	41	54
795	46	29	31	4	43
796	92	68	42	72	91
797	3	46	37	2	93
798	68	53	26	25	91
799	22	23	84	62	93
800	5	47	93	62	17
801	68	6	19	17	66
802	3	32	95	2	57
803	31	20	26	96	56
804	56	20	61	6	51
805	52	5	55	26	86
806	11	17	64	39	37
807	3	32	22	49	9
808	25	32	34	2	93
809	13	23	67	62	69
810	5	19	84	62	65
811	95	65	38	29	6
812	97	15	84	62	31
813	72	17	64	84	85
814	18	27	26	15	72
815	21	23	85	62	63
816	42	32	84	2	18
817	4	61	53	57	40
818	74	45	35	19	91
819	82	63	45	90	18
820	3	1	84	2	24
821	30	17	64	84	71
822	21	47	98	99	100
823	4	10	68	39	30
824	18	81	77	71	34
825	93	19	64	70	85
826	35	23	16	62	11
827	17	7	38	18	98
828	5	22	4	2	3
829	19	9	8	33	7
830	5	9	1	19	56
831	7	8	1	25	41
832	25	9	10	78	6
833	3	84	1	4	7
834	20	3	68	41	33
835	2	8	4	6	5
836	7	84	2	4	77
837	5	84	2	6	7
838	60	8	10	74	1
839	36	22	43	4	5
840	6	84	53	8	19
841	2	78	3	76	7
842	14	28	32	90	66
843	26	11	33	34	40
844	55	9	46	19	27
845	6	84	2	55	1
846	6	7	20	16	78
847	51	23	39	3	47
848	43	24	2	87	66
849	86	17	64	2	24
850	77	61	7	86	6
851	20	84	1	56	77
852	5	60	76	50	22
853	51	24	40	4	47
854	62	84	57	42	19
855	46	24	8	3	7
856	43	8	63	25	48
857	22	76	60	4	7
858	5	70	68	42	33
859	88	25	17	67	4
860	43	24	88	67	7
861	24	67	88	18	4
862	15	29	22	67	88
863	88	30	18	70	43
864	40	56	30	78	59
865	68	30	85	10	4
866	70	17	18	68	27
867	43	1	2	86	69
868	52	2	44	48	21
869	55	78	51	49	28
870	46	57	21	54	9
871	63	3	13	1	76
872	44	54	23	47	10
873	67	30	18	8	85
874	35	55	51	80	60
875	24	45	49	3	8
876	52	57	47	80	21
877	31	59	11	52	46
878	64	54	4	80	36
879	10	58	36	81	7
880	79	57	55	24	60
881	36	63	51	58	82
882	5	89	43	9	74
883	82	79	15	83	69
884	69	35	20	81	87
885	1	47	85	77	74
886	58	38	49	70	37
887	82	33	48	49	55
888	18	45	83	56	12
889	38	71	48	39	55
890	45	63	37	36	49
891	45	27	52	39	65
892	8	46	73	21	31
893	9	2	85	59	25
894	6	72	74	19	27
895	17	84	44	71	57
896	65	48	49	79	27
897	25	65	24	39	42
898	38	70	37	64	55
899	13	19	81	68	71
900	54	24	81	45	21
901	43	36	72	29	38
902	27	72	42	70	30
903	87	79	72	88	75
904	71	16	90	13	10
905	12	78	28	72	21
906	78	58	16	15	48
907	82	8	65	1	12
908	78	72	27	69	60
909	22	23	67	74	52
910	37	82	64	73	77
911	27	29	83	81	2
912	80	70	65	17	37
913	76	75	73	54	56
914	12	73	60	70	13
915	49	63	75	12	25
916	1	37	69	66	75
917	87	28	21	75	59
918	7	62	82	67	27
919	13	47	86	22	75
920	75	70	77	39	59
921	75	29	40	85	59
922	32	29	16	62	53
923	65	45	80	30	38
924	66	42	81	30	2
925	63	27	38	1	41
926	65	61	4	88	91
927	66	70	86	77	80
928	80	45	73	90	59
929	56	13	69	64	15
930	15	12	83	76	36
931	20	87	36	15	21
932	40	47	66	46	78
933	36	56	28	57	6
934	6	66	9	19	27
935	22	35	89	3	56
936	48	20	28	2	51
937	17	89	12	75	1
938	79	86	39	13	66
939	83	28	64	68	9
940	23	70	85	62	15
941	35	3	53	36	41
942	15	29	72	7	54
943	59	89	76	56	31
944	71	7	42	87	21
945	81	82	60	49	80
946	31	48	30	75	32
947	26	47	73	32	31
948	25	23	69	19	27
949	80	29	90	78	31
950	37	53	30	62	59
951	3	57	31	80	1
952	41	76	12	26	80
953	15	50	38	32	12
954	11	47	30	62	89
955	26	89	19	67	63
956	31	50	41	83	30
957	75	53	18	64	35
958	5	32	86	1	41
959	2	71	25	30	15
960	86	84	47	34	37
961	59	84	83	48	32
962	40	12	31	2	22
963	79	5	34	56	68
964	52	89	66	42	53
965	6	28	29	19	27
966	62	74	91	92	93
967	11	9	47	2	57
968	4	84	89	28	87
969	32	4	53	15	47
970	73	84	85	63	52
971	2	16	43	30	45
972	63	84	85	89	32
973	82	81	68	34	33
974	1	12	57	74	14
975	38	23	17	53	37
976	81	84	9	52	18
977	66	7	11	44	39
978	14	49	91	92	93
979	67	15	91	92	93
980	22	16	69	2	75
981	42	70	3	79	17
982	66	14	28	30	58
983	20	4	5	32	69
984	54	52	19	78	87
985	37	84	34	56	1
986	8	11	88	2	89
987	34	89	85	53	69
988	54	9	62	2	71
989	8	20	23	52	55
990	23	81	35	62	33
991	44	81	51	65	86
992	1	8	26	35	10
993	13	22	91	92	93
994	54	75	50	86	85
995	56	9	55	2	71
996	66	19	55	32	22
997	3	7	11	8	2
998	10	5	6	4	9
999	4	8	1	7	88
1000	10	2	7	1	88
1001	4	2	1	7	88
1002	5	2	6	1	88
1003	5	2	1	10	88
1004	9	1	5	3	7
1005	10	46	30	8	61
1006	4	9	6	3	88
1007	66	20	27	85	1
1008	39	7	55	5	88
1009	2	4	45	36	59
1010	3	24	25	49	41
1011	3	20	9	81	23
1012	8	2	6	5	42
1013	10	77	78	7	81
1014	6	9	56	39	88
1015	9	6	4	8	7
1016	14	1	68	12	81
1017	20	81	5	36	51
1018	74	4	72	57	32
1019	7	9	82	53	86
1020	15	6	90	7	50
1021	40	2	47	18	19
1022	14	39	10	5	61
1023	38	75	23	25	32
1024	75	41	65	87	39
1025	85	3	80	8	5
1026	80	65	85	55	5
1027	50	3	61	48	69
1028	56	11	39	20	88
1029	86	17	10	36	33
1030	18	9	47	64	19
1031	53	6	8	43	83
1032	52	2	71	18	40
1033	76	7	41	54	26
1034	76	50	2	25	9
1035	76	6	55	40	25
1036	19	13	37	25	58
1037	80	56	11	9	2
1038	76	75	56	28	9
1039	11	29	77	55	9
1040	23	48	67	85	5
1041	3	7	80	84	59
1042	13	14	32	28	5
1043	11	29	53	43	77
1044	88	17	55	12	67
1045	57	14	49	68	37
1046	63	23	67	50	88
1047	71	39	84	81	23
1048	58	6	80	29	46
1049	65	72	48	4	5
1050	49	79	72	39	42
1051	54	47	86	64	62
1052	5	12	1	36	35
1053	21	11	57	26	44
1054	83	15	4	81	72
1055	68	52	55	32	73
1056	25	87	34	56	91
1057	32	21	31	90	73
1058	76	58	79	43	26
1059	70	34	91	11	46
1060	77	26	68	41	58
1061	82	60	83	72	87
1062	59	70	84	54	83
1063	13	78	31	36	51
1064	8	79	53	70	40
1065	69	91	41	57	64
1066	37	74	61	6	52
1067	52	89	82	74	4
1068	74	80	86	68	59
1069	10	37	65	29	60
1070	19	8	34	43	77
1071	65	89	19	61	53
1072	30	79	47	18	16
1073	48	40	66	18	14
1074	48	69	22	87	53
1075	49	14	31	2	45
1076	83	38	48	89	22
1077	46	15	38	77	62
1078	70	22	38	82	16
1079	66	4	51	40	38
1080	40	16	60	74	22
1081	70	80	16	9	14
1082	70	49	23	7	48
1083	34	7	58	66	22
1084	34	64	58	18	38
1085	85	22	68	59	38
1086	70	22	68	82	67
1087	82	20	26	22	10
1088	24	8	81	1	87
1089	87	75	64	46	22
1090	38	60	54	10	22
1091	14	58	38	10	34
1092	7	57	67	65	91
1093	22	20	91	23	13
1094	68	13	72	7	22
1095	11	91	33	47	42
1096	81	57	82	48	56
1097	39	89	23	60	86
1098	14	69	18	85	86
1099	48	89	54	40	16
1100	12	53	92	93	94
1101	86	26	29	23	31
1102	39	67	60	70	80
1103	71	83	85	69	39
1104	48	60	26	84	69
1105	15	55	90	61	32
1106	74	73	55	7	60
1107	34	80	83	79	82
1108	82	59	14	67	22
1109	43	38	71	82	70
1110	39	45	60	28	68
1111	14	83	66	65	32
1112	16	76	30	88	73
1113	89	23	48	63	66
1114	74	45	88	83	21
1115	40	45	13	23	34
1116	24	67	20	30	45
1117	45	17	75	72	14
1118	16	60	30	88	34
1119	29	33	34	78	81
1120	9	22	47	33	28
1121	17	3	76	36	51
1122	9	40	47	24	85
1123	22	48	63	70	1
1124	27	44	63	42	7
1125	5	57	32	85	49
1126	91	2	13	64	21
1127	22	69	65	6	13
1128	90	44	63	73	13
1129	91	55	72	22	50
1130	72	49	69	28	2
1131	1	27	32	85	48
1132	41	37	86	89	34
1133	91	44	67	33	60
1134	64	63	33	26	50
1135	6	15	92	93	94
1136	57	42	46	23	24
1137	4	52	89	71	32
1138	48	57	80	10	22
1139	79	41	84	48	19
1140	49	50	38	52	66
1141	16	79	30	88	90
1142	11	28	83	61	7
1143	53	75	92	93	94
1144	9	45	47	18	76
1145	30	70	13	27	22
1146	16	33	92	93	94
1147	1	28	29	85	18
1148	3	89	83	84	86
1149	31	71	63	20	66
1150	16	80	30	88	44
1151	79	89	77	10	88
1152	1	8	63	85	79
1153	79	48	10	37	20
1154	79	25	87	81	23
1155	9	13	47	18	19
1156	2	1	39	36	51
1157	19	60	24	85	86
1158	1	21	64	85	48
1159	79	37	82	66	24
1160	79	35	20	84	37
1161	55	48	50	10	88
1162	29	49	92	93	94
1163	2	59	8	45	51
1164	32	48	31	90	73
1165	72	90	66	39	88
1166	68	10	63	85	22
1167	7	89	44	30	88
1168	43	35	63	46	88
1169	63	48	70	31	88
1170	55	48	37	30	88
1171	56	1	24	85	64
1172	32	41	92	93	94
1173	29	50	55	63	32
1174	9	27	44	58	65
1175	89	22	35	90	50
1176	50	2	47	36	72
1177	5	35	45	41	30
1178	55	17	7	36	51
1179	9	2	20	18	28
1180	57	35	7	65	88
1181	3	72	62	24	73
1182	11	90	10	67	18
1183	8	2	3	1	7
1184	35	6	9	5	4
1185	34	2	5	9	37
1186	25	41	10	20	58
1187	7	65	14	58	48
1188	12	39	50	51	76
1189	53	15	50	45	60
1190	17	56	72	28	14
1191	52	5	66	28	78
1192	12	39	79	59	27
1193	8	10	55	24	18
1194	55	36	78	35	77
1195	1	63	37	61	56
1196	8	64	34	9	61
1197	74	61	31	39	77
1198	25	14	11	41	59
1199	77	49	34	28	33
1200	15	25	51	17	30
1201	6	4	30	73	37
1202	32	68	7	9	13
1203	55	2	62	49	63
1204	22	2	66	20	75
1205	25	43	42	56	27
1206	67	40	13	53	63
1207	24	16	5	71	40
1208	22	8	31	6	43
1209	38	11	58	67	45
1210	62	71	69	38	78
1211	59	17	68	20	49
1212	54	34	51	33	15
1213	4	52	19	16	27
1214	31	74	76	65	11
1215	67	44	66	21	16
1216	57	72	36	75	35
1217	77	38	40	2	57
1218	77	54	2	32	33
1219	14	1	43	23	50
1220	7	59	47	58	19
1221	62	68	20	26	45
1222	36	22	29	42	11
1223	21	61	12	49	26
1224	79	21	54	19	57
1225	45	76	32	52	26
1226	41	16	12	9	70
1227	26	58	17	72	51
1228	48	58	64	35	50
1229	68	41	32	75	46
1230	53	13	22	73	45
1231	30	10	3	69	72
1232	24	64	60	55	37
1233	18	64	23	70	57
1234	43	63	60	37	23
1235	49	71	62	18	46
1236	47	45	34	3	44
1237	71	70	46	60	23
1238	60	16	62	18	78
1239	62	70	46	69	23
1240	43	39	64	18	70
1241	18	64	28	75	23
1242	65	57	23	64	18
1243	51	75	67	70	64
1244	37	5	29	61	7
1245	16	60	28	75	18
1246	46	75	80	81	82
1247	33	70	36	26	18
1248	62	43	52	49	60
1249	28	12	29	69	60
1250	78	32	57	14	23
1251	72	66	44	57	41
1252	78	14	32	64	23
1253	28	2	47	22	73
1254	23	66	58	21	71
1255	14	23	41	32	70
1256	19	6	39	48	24
1257	23	4	44	26	37
1258	71	23	41	64	67
1259	12	72	67	33	71
1260	41	23	20	21	64
1261	16	79	80	81	82
1262	65	32	66	67	23
1263	35	26	71	14	57
1264	72	14	32	64	70
1265	30	14	60	40	70
1266	70	66	77	21	71
1267	72	70	65	23	61
1268	2	78	54	46	60
1269	78	34	29	14	8
1270	71	8	29	14	38
1271	70	62	63	60	57
1272	10	60	38	64	70
1273	20	78	50	60	32
1274	41	30	48	70	79
1275	40	63	80	81	82
1276	15	47	51	38	50
1277	15	32	51	31	75
1278	55	20	70	24	57
1279	2	11	43	5	23
1280	60	1	3	66	27
1281	38	63	5	64	54
1282	14	68	23	33	60
1283	33	10	58	64	6
1284	29	38	80	81	82
1285	23	8	3	56	27
1286	7	6	18	49	64
1287	17	16	29	1	18
1288	10	5	31	75	52
1289	15	1	51	68	7
1290	36	66	6	42	54
1291	32	46	39	60	40
1292	42	34	32	46	60
1293	46	13	29	64	41
1294	64	30	14	40	20
1295	24	33	41	69	66
1296	50	46	19	54	67
1297	56	78	36	49	64
1298	20	2	43	30	18
1299	1	69	55	11	40
1300	78	27	21	1	28
1301	62	61	3	19	22
1302	52	2	63	69	10
1303	72	4	80	81	82
1304	32	69	70	6	18
1305	9	2	39	62	35
1306	8	7	36	41	55
1307	15	4	37	27	38
1308	66	8	51	48	38
1309	18	15	40	52	70
1310	19	8	15	54	27
1311	1	3	80	81	82
1312	79	42	80	81	82
1313	2	1	6	3	5
1314	57	7	5	1	4
1315	27	7	6	1	4
1316	27	3	7	2	59
1317	27	2	6	12	5
1318	6	74	50	61	3
1319	27	38	1	13	59
1320	47	8	2	48	7
1321	9	17	28	71	5
1322	17	49	36	24	20
1323	14	15	48	45	28
1324	10	4	32	38	23
1325	8	32	50	23	31
1326	9	69	7	33	68
1327	2	3	31	5	68
1328	39	9	69	42	37
1329	19	54	30	2	53
1330	10	40	9	36	68
1331	27	5	74	14	60
1332	27	61	5	74	16
1333	20	3	29	19	45
1334	1	31	43	6	68
1335	15	6	5	24	70
1336	46	65	64	6	77
1337	75	72	22	37	68
1338	61	76	44	63	33
1339	51	15	41	24	20
1340	4	19	23	52	30
1341	10	15	25	29	17
1342	12	43	11	3	7
1343	5	42	45	44	12
1344	30	8	48	34	57
1345	43	8	35	69	16
1346	69	1	35	57	64
1347	53	58	59	70	55
1348	66	31	26	73	11
1349	67	77	16	33	34
1350	60	56	29	25	43
1351	27	16	7	74	62
1352	49	18	62	60	73
1353	72	66	41	77	26
1354	41	24	35	28	62
1355	14	60	76	41	47
1356	3	36	43	25	74
1357	58	39	76	62	52
1358	19	34	16	38	46
1359	14	55	47	65	28
1360	14	65	52	57	73
1361	35	64	52	65	47
1362	55	30	74	35	58
1363	76	59	75	65	41
1364	21	3	11	67	14
1365	74	57	55	21	52
1366	43	74	58	28	21
1367	73	61	21	47	43
1368	21	39	47	28	16
1369	61	62	69	67	55
1370	10	6	26	45	13
1371	26	47	58	67	43
1372	35	43	67	73	21
1373	21	4	58	31	73
1374	7	8	49	36	66
1375	35	43	34	73	21
1376	8	35	50	36	58
1377	73	34	64	43	21
1378	31	12	75	6	53
1379	56	1	12	39	34
1380	34	47	69	73	67
1381	16	45	63	6	48
1382	14	57	34	55	43
1383	57	76	13	67	16
1384	62	69	58	47	21
1385	4	13	32	59	33
1386	44	69	28	58	65
1387	23	20	50	36	58
1388	34	69	21	26	43
1389	25	49	78	79	80
1390	17	11	38	56	22
1391	64	46	28	55	5
1392	70	31	66	43	52
1393	70	31	21	47	55
1394	34	44	52	26	24
1395	39	26	21	43	73
1396	6	7	42	18	66
1397	46	21	78	79	80
1398	28	1	52	26	55
1399	23	67	50	36	43
1400	70	20	47	73	39
1401	22	2	32	33	38
1402	13	5	20	75	66
1403	8	73	50	36	43
1404	27	7	30	48	41
1405	70	65	5	55	20
1406	70	65	47	18	1
1407	74	58	64	28	20
1408	32	77	78	79	80
1409	15	9	66	13	55
1410	67	55	64	39	19
1411	22	59	78	79	80
1412	8	66	50	36	64
1413	12	7	24	35	14
1414	19	58	33	10	55
1415	2	6	50	45	24
1416	35	44	67	73	55
1417	14	11	64	45	20
1418	44	58	19	65	73
1419	68	39	50	36	57
1420	11	1	23	31	40
1421	55	4	49	67	28
1422	44	19	70	64	16
1423	14	65	72	24	39
1424	19	26	67	6	58
1425	20	34	50	36	23
1426	77	76	78	79	80
1427	11	14	78	79	80
1428	4	3	7	2	5
1429	1	11	55	21	12
1430	4	3	69	2	5
1431	3	21	48	29	59
1432	6	26	48	29	59
1433	74	29	75	58	64
1434	3	4	69	32	2
1435	45	47	3	28	44
1436	7	15	31	35	18
1437	11	41	40	26	1
1438	44	4	69	2	32
1439	43	32	69	2	5
1440	68	49	5	13	4
1441	25	12	40	61	28
1442	32	68	2	74	1
1443	21	68	75	48	52
1444	9	10	51	20	6
1445	45	16	69	32	58
1446	38	18	67	48	34
1447	17	36	41	48	71
1448	53	14	69	60	32
1449	23	2	42	8	54
1450	37	21	10	29	59
1451	33	39	68	36	26
1452	11	9	52	71	18
1453	13	17	44	35	26
1454	74	51	75	48	52
1455	4	30	3	71	7
1456	15	5	42	29	53
1457	74	57	15	59	17
1458	53	24	73	13	15
1459	4	65	24	5	56
1460	39	17	20	3	27
1461	5	29	59	27	39
1462	1	8	58	57	39
1463	47	16	49	37	57
1464	72	68	14	64	50
1465	45	74	61	70	56
1466	50	46	59	22	67
1467	56	23	44	66	3
1468	57	19	52	11	63
1469	33	65	7	42	62
1470	66	60	21	19	41
1471	65	55	14	1	30
1472	28	53	32	71	60
1473	53	60	32	66	14
1474	33	60	19	7	53
1475	75	1	76	77	78
1476	14	7	49	37	71
1477	41	48	49	39	58
1478	10	8	51	35	63
1479	74	60	62	55	14
1480	66	13	28	50	53
1481	65	41	62	53	63
1482	43	1	6	53	20
1483	6	5	25	27	53
1484	63	65	32	45	66
1485	63	50	62	55	56
1486	53	62	55	19	14
1487	33	55	41	71	19
1488	41	60	76	77	78
1489	28	33	55	4	66
1490	62	24	71	40	19
1491	7	44	76	77	78
1492	13	35	76	77	78
1493	13	15	39	21	69
1494	58	36	62	19	28
1495	17	69	32	26	14
1496	19	15	30	43	39
1497	2	75	76	77	78
1498	8	3	57	13	70
1499	14	16	49	37	58
1500	60	33	45	58	17
1501	58	53	4	64	14
1502	5	7	16	63	25
1503	64	65	55	53	54
1504	71	64	54	14	62
1505	22	14	54	31	62
1506	42	51	31	71	22
1507	20	10	22	64	31
1508	68	50	65	53	3
1509	31	3	17	4	68
1510	31	32	33	11	14
1511	65	17	44	35	26
1512	14	21	48	29	50
1513	9	6	2	1	5
1514	4	6	40	29	55
1515	9	1	2	4	3
1516	9	1	3	5	12
1517	9	12	2	5	3
1518	2	15	55	37	26
1519	28	6	1	5	3
1520	14	4	53	34	20
1521	10	7	32	35	6
1522	33	62	24	57	25
1523	41	61	54	51	18
1524	54	19	16	30	35
1525	16	39	43	47	62
1526	18	10	16	26	36
1527	2	1	52	40	35
1528	44	60	63	59	3
1529	28	48	60	45	5
1530	9	10	61	1	31
1531	9	31	12	1	59
1532	40	31	3	27	52
1533	52	1	24	42	38
1534	27	9	30	28	41
1535	49	19	61	39	6
1536	20	47	30	21	36
1537	30	47	58	21	36
1538	38	28	21	10	56
1539	57	55	40	59	7
1540	40	37	49	51	53
1541	9	31	4	8	64
1542	49	7	66	18	50
1543	5	44	66	25	34
1544	45	33	8	38	48
1545	21	14	26	51	42
1546	13	50	52	17	12
1547	57	56	49	36	31
1548	37	14	2	43	1
1549	40	22	23	1	56
1550	35	11	36	18	3
1551	21	16	31	65	3
1552	22	2	31	64	59
1553	11	60	27	41	22
1554	10	3	22	50	46
1555	55	11	22	53	46
1556	56	64	48	26	50
1557	28	13	11	24	46
1558	64	4	58	42	46
1559	37	59	5	31	50
1560	53	31	36	42	57
1561	55	56	59	10	49
1562	54	62	38	26	36
1563	21	59	52	56	41
1564	64	56	57	52	49
1565	21	10	53	18	59
1566	64	39	10	24	22
1567	24	52	11	16	56
1568	56	57	55	41	46
1569	3	5	47	14	49
1570	14	31	17	51	65
1571	35	61	53	21	24
1572	45	12	57	50	11
1573	65	55	23	14	12
1574	28	61	57	3	11
1575	21	66	67	68	69
1576	52	28	57	23	11
1577	53	23	17	65	8
1578	56	65	8	35	52
1579	47	65	28	38	22
1580	11	9	46	57	56
1581	9	59	2	36	49
1582	9	58	28	22	54
1583	10	41	67	68	69
1584	52	53	67	68	69
1585	18	11	59	19	36
1586	54	19	16	7	35
1587	23	39	67	68	69
1588	18	11	35	33	36
1589	16	51	61	8	50
1590	15	22	67	68	69
1591	56	38	24	2	40
1592	56	17	57	55	25
1593	7	31	28	12	56
1594	56	24	55	7	11
1595	49	20	43	18	57
1596	42	65	56	47	54
1597	47	6	40	46	16
1598	40	17	47	16	6
1599	65	46	40	35	50
1600	65	66	67	68	69
1601	48	40	46	62	35
1602	40	45	54	35	28
1603	60	18	65	56	46
1604	37	44	58	11	62
1605	54	23	48	11	2
1606	47	31	61	4	35
1607	48	1	50	32	53
1608	36	1	7	37	28
1609	42	40	60	2	22
1610	61	20	40	28	56
1611	4	13	32	1	65
1612	32	13	3	22	37
1613	54	47	43	40	12
1614	57	17	61	35	9
1615	20	61	62	59	46
1616	35	51	20	56	58
1617	12	50	67	68	69
1618	8	28	44	55	21
1619	45	21	61	44	23
1620	9	32	61	28	13
1621	64	66	67	68	69
1622	9	1	8	6	36
1623	9	51	13	16	38
1624	13	15	32	62	20
1625	8	2	43	24	65
1626	19	11	62	47	25
1627	4	1	5	6	3
1628	5	2	30	3	4
1629	9	6	4	1	3
1630	25	3	43	39	14
1631	28	1	47	2	6
1632	9	61	12	1	51
1633	5	38	58	39	6
1634	9	12	4	6	3
1635	9	12	2	6	3
1636	28	47	1	44	3
1637	63	8	5	3	1
1638	9	60	17	51	12
1639	45	10	16	17	56
1640	27	6	45	61	44
1641	37	42	64	6	10
1642	9	50	17	63	10
1643	9	31	60	1	12
1644	13	32	53	35	42
1645	45	57	19	49	4
1646	18	42	56	6	52
1647	5	32	21	35	22
1648	55	10	40	35	26
1649	29	40	56	52	46
1650	10	41	48	36	31
1651	52	17	31	36	15
1652	29	36	31	2	12
1653	18	12	60	42	49
1654	48	6	30	45	49
1655	43	22	55	60	66
1656	9	2	31	16	64
1657	36	54	65	63	49
1658	64	30	1	58	23
1659	58	59	3	15	46
1660	28	7	32	59	11
1661	11	24	36	30	37
1662	28	59	60	11	41
1663	22	47	21	38	11
1664	50	12	66	28	46
1665	56	21	59	50	64
1666	16	59	21	50	60
1667	41	59	22	16	50
1668	52	28	35	56	50
1669	22	7	66	23	67
1670	14	5	45	65	19
1671	4	35	31	6	50
1672	64	16	7	23	50
1673	35	31	59	28	56
1674	24	22	40	59	28
1675	8	1	38	47	36
1676	11	35	31	28	4
1677	28	31	55	42	24
1678	35	61	28	24	64
1679	56	31	51	23	28
1680	59	42	35	52	41
1681	56	40	64	35	6
1682	7	47	17	8	65
1683	64	18	62	59	35
1684	46	38	23	28	62
1685	52	65	8	10	28
1686	57	46	61	11	40
1687	2	14	40	46	41
1688	4	38	42	57	25
1689	40	60	6	57	25
1690	61	17	11	62	5
1691	7	42	2	8	56
1692	17	37	49	51	55
1693	57	46	55	11	6
1694	28	55	57	18	21
1695	6	37	18	51	16
1696	47	59	55	24	5
1697	35	2	65	38	28
1698	28	21	54	9	46
1699	9	7	28	40	57
1700	50	54	45	8	28
1701	40	61	31	21	64
1702	40	9	52	7	3
1703	18	22	9	55	7
1704	60	21	61	14	59
1705	42	55	14	24	46
1706	59	57	21	34	20
1707	7	60	61	46	10
1708	22	18	25	57	26
1709	24	9	58	18	1
1710	57	1	29	7	46
1711	21	39	25	32	16
1712	45	8	38	14	13
1713	12	5	40	31	13
1714	19	18	20	45	56
1715	15	18	61	37	31
1716	15	19	40	55	28
1717	10	37	29	43	27
1718	3	39	6	11	16
1719	22	49	11	51	42
1720	52	44	50	23	16
1721	3	61	47	4	17
1722	23	26	48	53	41
1723	20	6	36	41	56
1724	59	44	2	36	35
1725	34	59	30	36	51
1726	60	33	30	36	34
1727	31	5	41	54	44
1728	6	26	31	54	59
1729	17	6	59	5	54
1730	5	35	30	6	44
1731	3	59	54	23	41
1732	51	54	62	63	64
1733	44	18	54	25	32
1734	41	17	21	31	35
1735	23	59	56	35	6
1736	59	47	48	50	35
1737	41	26	54	35	5
1738	17	7	57	50	62
1739	23	56	5	54	36
1740	44	50	5	56	52
1741	35	23	56	44	41
1742	56	35	41	13	54
1743	38	31	2	37	11
1744	59	5	56	26	45
1745	18	8	26	60	52
1746	55	44	6	59	23
1747	6	5	14	53	41
1748	1	2	34	45	48
1749	52	44	56	50	23
1750	59	52	48	36	23
1751	13	55	37	44	26
1752	7	35	55	2	45
1753	2	35	59	12	44
1754	56	48	54	52	30
1755	36	52	50	26	35
1756	23	35	5	55	13
1757	41	52	54	45	23
1758	20	6	25	55	43
1759	47	11	54	23	13
1760	5	45	19	54	23
1761	37	57	13	23	6
1762	36	59	62	63	64
1763	41	19	52	55	31
1764	54	17	31	44	45
1765	45	12	17	54	57
1766	48	61	62	63	64
1767	54	31	35	17	23
1768	9	33	42	23	54
1769	41	28	50	56	12
1770	51	31	56	6	17
1771	51	7	31	6	19
1772	26	31	34	46	51
1773	36	48	47	37	44
1774	9	30	62	63	64
1775	3	5	57	45	41
1776	19	60	23	50	1
1777	11	35	17	5	45
1778	4	9	33	48	10
1779	11	53	45	49	41
1780	4	5	6	55	32
1781	41	13	34	4	49
1782	35	49	40	23	11
1783	49	40	33	44	3
1784	17	18	50	30	41
1785	33	57	49	16	5
1786	44	34	42	60	45
1787	47	56	49	46	13
1788	47	34	26	33	23
1789	3	35	36	17	23
1790	52	6	49	2	12
1791	33	35	3	42	52
1792	7	1	24	12	29
1793	31	26	49	35	17
1794	46	18	12	52	32
1795	9	18	11	4	27
1796	3	42	4	44	23
1797	56	35	17	4	51
1798	13	54	12	26	37
1799	5	19	40	53	39
1800	12	3	41	60	57
1801	15	32	51	52	59
1802	26	13	36	29	50
1803	11	18	43	10	27
1804	50	15	62	63	64
1805	19	3	31	53	44
1806	1	18	52	28	32
1807	1	12	50	48	30
1808	23	29	38	12	46
1809	16	8	40	56	39
1810	4	33	60	42	62
1811	2	3	38	16	53
1812	43	59	62	63	64
1813	10	4	27	17	41
1814	57	1	29	12	44
1815	35	16	47	19	41
1816	51	61	62	63	64
1817	42	23	62	63	64
1818	35	60	11	9	41
1819	7	19	32	21	52
1820	57	40	41	43	36
1821	60	56	7	23	13
1822	39	55	31	56	38
1823	6	7	58	1	44
1824	60	30	17	15	13
;